/* FILL-PACK/Solid3D Residual Stress Result Profile */
1 2.211885e+08 2.211885e+08 2.211885e+08  0 1.000000 1.000000 0.000000 0.000000 -2.018754e-01 -9.790330e-01 -2.721418e-02 9.794112e-01 -2.017975e-01 -5.609363e-03 0.000000e+00 -2.778626e-02 9.996139e-01
2 7.374713e+08 7.374713e+08 7.374713e+08  0 1.000000 1.000000 0.000000 0.000000 -2.402529e-01 -9.677570e-01 -7.566401e-02 9.707103e-01 -2.395219e-01 -1.872700e-02 0.000000e+00 -7.794705e-02 9.969575e-01
3 2.389442e+08 2.389442e+08 2.389442e+08  0 1.000000 1.000000 0.000000 0.000000 -7.333616e-02 -9.970511e-01 2.260290e-02 9.973073e-01 -7.331733e-02 1.662086e-03 0.000000e+00 2.266393e-02 9.997431e-01
4 8.597874e+08 8.597874e+08 8.597874e+08  0 1.000000 1.000000 0.000000 0.000000 -1.935017e-01 -9.797315e-01 5.180138e-02 9.810999e-01 -1.932318e-01 1.021675e-02 0.000000e+00 5.279929e-02 9.986051e-01
5 2.310994e+08 2.310994e+08 2.310994e+08  0 1.000000 1.000000 0.000000 0.000000 -3.722637e-01 -9.243391e-01 8.376693e-02 9.281270e-01 -3.707445e-01 3.359819e-02 0.000000e+00 9.025374e-02 9.959188e-01
6 8.443014e+08 8.443014e+08 8.443014e+08  0 1.000000 1.000000 0.000000 0.000000 -3.223124e-01 -9.273288e-01 1.901999e-01 9.466334e-01 -3.157395e-01 6.475980e-02 0.000000e+00 2.009225e-01 9.796071e-01
7 2.163317e+08 2.163317e+08 2.163317e+08  0 1.000000 1.000000 0.000000 0.000000 -3.517342e-01 -9.317561e-01 -9.007518e-02 9.360999e-01 -3.501020e-01 -3.384524e-02 0.000000e+00 -9.622390e-02 9.953597e-01
8 7.312969e+08 7.312969e+08 7.312969e+08  0 1.000000 1.000000 0.000000 0.000000 -3.852580e-01 -9.136173e-01 -1.299216e-01 9.228089e-01 -3.814207e-01 -5.424021e-02 0.000000e+00 -1.407893e-01 9.900396e-01
9 2.558333e+08 2.558333e+08 2.558333e+08  0 1.000000 1.000000 0.000000 0.000000 2.208177e-01 -9.737068e-01 -5.598817e-02 9.753151e-01 2.204535e-01 1.267608e-02 0.000000e+00 -5.740521e-02 9.983510e-01
10 9.210750e+08 9.210750e+08 9.210750e+08  0 1.000000 1.000000 0.000000 0.000000 -6.344416e-02 -9.970758e-01 -4.259829e-02 9.979854e-01 -6.338634e-02 -2.708068e-03 0.000000e+00 -4.268428e-02 9.990886e-01
11 2.620310e+08 2.620310e+08 2.620310e+08  0 1.000000 1.000000 0.000000 0.000000 2.580843e-01 -9.659157e-01 -1.998593e-02 9.661224e-01 2.580290e-01 5.338924e-03 0.000000e+00 -2.068675e-02 9.997860e-01
12 9.407491e+08 9.407491e+08 9.407491e+08  0 1.000000 1.000000 0.000000 0.000000 -5.438520e-02 -9.970270e-01 -5.458425e-02 9.985200e-01 -5.430388e-02 -2.972975e-03 0.000000e+00 -5.466515e-02 9.985047e-01
13 2.228949e+08 2.228949e+08 2.228949e+08  0 1.000000 1.000000 0.000000 0.000000 3.880352e-01 -9.168127e-01 9.425051e-02 9.216446e-01 3.860008e-01 -3.968179e-02 0.000000e+00 1.022634e-01 9.947574e-01
14 7.477460e+08 7.477460e+08 7.477460e+08  0 1.000000 1.000000 0.000000 0.000000 1.807654e-01 -9.796177e-01 8.759547e-02 9.835263e-01 1.800470e-01 -1.609944e-02 0.000000e+00 8.906266e-02 9.960260e-01
15 2.061599e+08 2.061599e+08 2.061599e+08  0 1.000000 1.000000 0.000000 0.000000 1.468972e-01 -9.592653e-01 2.413118e-01 9.891518e-01 1.424589e-01 -3.583680e-02 0.000000e+00 2.439583e-01 9.697857e-01
16 6.781694e+08 6.781694e+08 6.781694e+08  0 1.000000 1.000000 0.000000 0.000000 2.065394e-02 -9.797365e-01 1.992230e-01 9.997867e-01 2.023974e-02 -4.115618e-03 0.000000e+00 1.992655e-01 9.799455e-01
17 2.061800e+08 2.061800e+08 2.061800e+08  0 1.000000 1.000000 0.000000 0.000000 1.275148e-01 -9.918266e-01 4.469518e-03 9.918367e-01 1.275135e-01 -5.746205e-04 0.000000e+00 4.506304e-03 9.999898e-01
18 6.726101e+08 6.726101e+08 6.726101e+08  0 1.000000 1.000000 0.000000 0.000000 -1.046033e-01 -9.769037e-01 -1.863258e-01 9.945140e-01 -1.027510e-01 -1.959780e-02 0.000000e+00 -1.873536e-01 9.822925e-01
19 2.187209e+08 2.187209e+08 2.187209e+08  0 1.000000 1.000000 0.000000 0.000000 3.408672e-01 -9.340647e-01 -1.064553e-01 9.401115e-01 3.386748e-01 3.859873e-02 0.000000e+00 -1.132368e-01 9.935680e-01
20 7.421496e+08 7.421496e+08 7.421496e+08  0 1.000000 1.000000 0.000000 0.000000 1.939340e-01 -9.789400e-01 -6.376572e-02 9.810146e-01 1.935239e-01 1.260567e-02 0.000000e+00 -6.499977e-02 9.978853e-01
21 2.714713e+08 2.714713e+08 2.714713e+08  0 1.000000 1.000000 0.000000 0.000000 -4.502922e-01 -8.868571e-01 1.035448e-01 8.928813e-01 -4.472541e-01 5.221904e-02 0.000000e+00 1.159670e-01 9.932531e-01
22 9.714468e+08 9.714468e+08 9.714468e+08  0 1.000000 1.000000 0.000000 0.000000 -6.102488e-01 -7.849729e-01 1.068360e-01 7.922098e-01 -6.046741e-01 8.229709e-02 0.000000e+00 1.348582e-01 9.908649e-01
23 2.678746e+08 2.678746e+08 2.678746e+08  0 1.000000 1.000000 0.000000 0.000000 -4.498876e-01 -8.930773e-01 3.751748e-03 8.930852e-01 -4.498836e-01 1.889926e-03 0.000000e+00 4.200885e-03 9.999912e-01
24 9.545953e+08 9.545953e+08 9.545953e+08  0 1.000000 1.000000 0.000000 0.000000 -6.175603e-01 -7.864552e-01 1.037156e-02 7.865236e-01 -6.175066e-01 8.143510e-03 0.000000e+00 1.318658e-02 9.999131e-01
25 2.075213e+08 2.075213e+08 2.075213e+08  0 1.000000 1.000000 0.000000 0.000000 -5.500707e-01 -7.978822e-01 -2.465891e-01 8.351181e-01 -5.255444e-01 -1.624219e-01 0.000000e+00 -2.952745e-01 9.554124e-01
26 6.880624e+08 6.880624e+08 6.880624e+08  0 1.000000 1.000000 0.000000 0.000000 -5.479860e-01 -7.636592e-01 -3.413737e-01 8.364875e-01 -5.002759e-01 -2.236351e-01 0.000000e+00 -4.081037e-01 9.129356e-01
27 2.059700e+08 2.059700e+08 2.059700e+08  0 1.000000 1.000000 0.000000 0.000000 -4.982900e-01 -8.661841e-01 3.784457e-02 8.670104e-01 -4.978151e-01 2.175011e-02 0.000000e+00 4.364950e-02 9.990469e-01
28 6.811788e+08 6.811788e+08 6.811788e+08  0 1.000000 1.000000 0.000000 0.000000 -6.410359e-01 -7.308662e-01 2.343236e-01 7.675109e-01 -6.104298e-01 1.957103e-01 0.000000e+00 3.053032e-01 9.522552e-01
29 2.243994e+08 2.243994e+08 2.243994e+08  0 1.000000 1.000000 0.000000 0.000000 6.404053e-01 -7.373844e-01 2.148148e-01 7.680372e-01 6.148463e-01 -1.791170e-01 0.000000e+00 2.796932e-01 9.600894e-01
30 7.535373e+08 7.535373e+08 7.535373e+08  0 1.000000 1.000000 0.000000 0.000000 3.736194e-01 -9.030835e-01 2.117751e-01 9.275821e-01 3.637517e-01 -8.530060e-02 0.000000e+00 2.283088e-01 9.735888e-01
31 2.353104e+08 2.353104e+08 2.353104e+08  0 1.000000 1.000000 0.000000 0.000000 6.660228e-01 -7.176033e-01 -2.036151e-01 7.459313e-01 6.407294e-01 1.818027e-01 0.000000e+00 -2.729677e-01 9.620232e-01
32 8.436697e+08 8.436697e+08 8.436697e+08  0 1.000000 1.000000 0.000000 0.000000 3.575054e-01 -9.110449e-01 -2.053950e-01 9.339111e-01 3.487521e-01 7.862615e-02 0.000000e+00 -2.199300e-01 9.755157e-01
33 1.912226e+08 1.912226e+08 1.912226e+08  0 1.000000 1.000000 0.000000 0.000000 -6.548848e-01 -7.171363e-01 2.384144e-01 7.557287e-01 -6.214421e-01 2.066006e-01 0.000000e+00 3.154762e-01 9.489335e-01
34 6.362590e+08 6.362590e+08 6.362590e+08  0 1.000000 1.000000 0.000000 0.000000 -7.790995e-01 -5.658147e-01 2.699215e-01 6.269002e-01 -7.031836e-01 3.354533e-01 0.000000e+00 4.305654e-01 9.025594e-01
35 2.826217e+08 2.826217e+08 2.826217e+08  0 1.000000 1.000000 0.000000 0.000000 -6.974968e-01 -6.776496e-01 2.330005e-01 7.165879e-01 -6.595959e-01 2.267930e-01 0.000000e+00 3.251527e-01 9.456615e-01
36 9.975446e+08 9.975446e+08 9.975446e+08  0 1.000000 1.000000 0.000000 0.000000 -7.841879e-01 -5.803928e-01 2.195301e-01 6.205234e-01 -7.334728e-01 2.774317e-01 0.000000e+00 3.537822e-01 9.353278e-01
37 1.468977e+08 1.468977e+08 1.468977e+08  0 1.000000 1.000000 0.000000 0.000000 2.024252e-01 -9.777552e-01 -5.494413e-02 9.792977e-01 2.021063e-01 1.135719e-02 0.000000e+00 -5.610564e-02 9.984248e-01
38 5.513270e+08 5.513270e+08 5.513270e+08  0 1.000000 1.000000 0.000000 0.000000 -7.441285e-02 -9.414110e-01 -3.289501e-01 9.972275e-01 -7.024783e-02 -2.454616e-02 0.000000e+00 -3.298646e-01 9.440283e-01
39 1.430609e+08 1.430609e+08 1.430609e+08  0 1.000000 1.000000 0.000000 0.000000 2.457015e-01 -9.671934e-01 6.455803e-02 9.693455e-01 2.451560e-01 -1.636362e-02 0.000000e+00 6.659961e-02 9.977798e-01
40 5.390272e+08 5.390272e+08 5.390272e+08  0 1.000000 1.000000 0.000000 0.000000 1.002691e-01 -9.147624e-01 3.913512e-01 9.949604e-01 9.218701e-02 -3.943920e-02 0.000000e+00 3.933335e-01 9.193959e-01
41 1.973822e+08 1.973822e+08 1.973822e+08  0 1.000000 1.000000 0.000000 0.000000 -1.317535e-01 -9.874372e-01 8.722790e-02 9.912825e-01 -1.312424e-01 1.159365e-02 0.000000e+00 8.799500e-02 9.961209e-01
42 7.161355e+08 7.161355e+08 7.161355e+08  0 1.000000 1.000000 0.000000 0.000000 -1.480491e-01 -9.732722e-01 1.755640e-01 9.889800e-01 -1.456976e-01 2.628171e-02 0.000000e+00 1.775203e-01 9.841171e-01
43 1.552733e+08 1.552733e+08 1.552733e+08  0 1.000000 1.000000 0.000000 0.000000 -4.809726e-01 -8.741003e-01 6.792665e-02 8.767356e-01 -4.795269e-01 3.726421e-02 0.000000e+00 7.747678e-02 9.969942e-01
44 5.759724e+08 5.759724e+08 5.759724e+08  0 1.000000 1.000000 0.000000 0.000000 -6.088050e-01 -7.244869e-01 3.232262e-01 7.933199e-01 -5.559816e-01 2.480484e-01 0.000000e+00 4.074348e-01 9.132343e-01
45 1.572344e+08 1.572344e+08 1.572344e+08  0 1.000000 1.000000 0.000000 0.000000 -4.756631e-01 -8.775443e-01 -6.050306e-02 8.796276e-01 -4.745365e-01 -3.271734e-02 0.000000e+00 -6.878259e-02 9.976317e-01
46 5.848815e+08 5.848815e+08 5.848815e+08  0 1.000000 1.000000 0.000000 0.000000 -5.382545e-01 -7.528134e-01 -3.788854e-01 8.427824e-01 -4.807945e-01 -2.419803e-01 0.000000e+00 -4.495649e-01 8.932476e-01
47 2.525154e+08 2.525154e+08 2.525154e+08  0 1.000000 1.000000 0.000000 0.000000 -1.492516e-01 -9.842529e-01 -9.471146e-02 9.887993e-01 -1.485653e-01 -1.429596e-02 0.000000e+00 -9.578432e-02 9.954021e-01
48 9.470694e+08 9.470694e+08 9.470694e+08  0 1.000000 1.000000 0.000000 0.000000 -1.953059e-01 -9.579447e-01 -2.102320e-01 9.807424e-01 -1.907660e-01 -4.186579e-02 0.000000e+00 -2.143601e-01 9.767547e-01
49 2.804655e+08 2.804655e+08 2.804655e+08  0 1.000000 1.000000 0.000000 0.000000 -7.047077e-01 -7.044190e-01 -8.474068e-02 7.094977e-01 -6.996632e-01 -8.416857e-02 0.000000e+00 -1.194376e-01 9.928417e-01
50 9.844846e+08 9.844846e+08 9.844846e+08  0 1.000000 1.000000 0.000000 0.000000 -8.315569e-01 -5.490155e-01 -8.423249e-02 5.554395e-01 -8.219393e-01 -1.261057e-01 0.000000e+00 -1.516501e-01 9.884342e-01
51 1.931640e+08 1.931640e+08 1.931640e+08  0 1.000000 1.000000 0.000000 0.000000 -6.888460e-01 -6.957750e-01 -2.034414e-01 7.249077e-01 -6.611625e-01 -1.933208e-01 0.000000e+00 -2.806445e-01 9.598118e-01
52 6.375890e+08 6.375890e+08 6.375890e+08  0 1.000000 1.000000 0.000000 0.000000 -7.946155e-01 -5.422095e-01 -2.731210e-01 6.071131e-01 -7.096670e-01 -3.574724e-01 0.000000e+00 -4.498685e-01 8.930948e-01
53 1.585621e+08 1.585621e+08 1.585621e+08  0 1.000000 1.000000 0.000000 0.000000 -5.465228e-01 -8.325851e-01 9.008295e-02 8.374442e-01 -5.433517e-01 5.878886e-02 0.000000e+00 1.075689e-01 9.941976e-01
54 5.529966e+08 5.529966e+08 5.529966e+08  0 1.000000 1.000000 0.000000 0.000000 -6.709045e-01 -7.071795e-01 2.231241e-01 7.415438e-01 -6.398137e-01 2.018694e-01 0.000000e+00 3.008913e-01 9.536584e-01
55 1.641460e+08 1.641460e+08 1.641460e+08  0 1.000000 1.000000 0.000000 0.000000 -6.083662e-01 -7.899639e-01 -7.646908e-02 7.936564e-01 -6.055358e-01 -5.861630e-02 0.000000e+00 -9.635036e-02 9.953475e-01
56 5.717120e+08 5.717120e+08 5.717120e+08  0 1.000000 1.000000 0.000000 0.000000 -5.984248e-01 -7.429131e-01 -2.999464e-01 8.011790e-01 -5.549043e-01 -2.240390e-01 0.000000e+00 -3.743812e-01 9.272749e-01
57 2.238686e+08 2.238686e+08 2.238686e+08  0 1.000000 1.000000 0.000000 0.000000 -1.752562e-01 -9.812440e-01 8.028388e-02 9.845229e-01 -1.746725e-01 1.429144e-02 0.000000e+00 8.154598e-02 9.966696e-01
58 7.701868e+08 7.701868e+08 7.701868e+08  0 1.000000 1.000000 0.000000 0.000000 -3.507034e-01 -9.317823e-01 -9.374925e-02 9.364866e-01 -3.489417e-01 -3.510801e-02 0.000000e+00 -1.001074e-01 9.949766e-01
59 1.920159e+08 1.920159e+08 1.920159e+08  0 1.000000 1.000000 0.000000 0.000000 -1.652496e-01 -9.819911e-01 -9.157509e-02 9.862518e-01 -1.645357e-01 -1.534370e-02 0.000000e+00 -9.285163e-02 9.956800e-01
60 6.512559e+08 6.512559e+08 6.512559e+08  0 1.000000 1.000000 0.000000 0.000000 -1.936632e-01 -9.775943e-01 8.248579e-02 9.810681e-01 -1.929775e-01 1.628273e-02 0.000000e+00 8.407754e-02 9.964592e-01
61 2.423976e+08 2.423976e+08 2.423976e+08  0 1.000000 1.000000 0.000000 0.000000 -4.933229e-01 -8.692384e-01 -3.251284e-02 8.698463e-01 -4.929782e-01 -1.843927e-02 0.000000e+00 -3.737768e-02 9.993012e-01
62 8.081191e+08 8.081191e+08 8.081191e+08  0 1.000000 1.000000 0.000000 0.000000 -6.491161e-01 -7.413118e-01 -1.706022e-01 7.606894e-01 -6.325807e-01 -1.455793e-01 0.000000e+00 -2.242732e-01 9.745263e-01
63 2.037267e+08 2.037267e+08 2.037267e+08  0 1.000000 1.000000 0.000000 0.000000 -4.685214e-01 -8.833977e-01 9.803622e-03 8.834521e-01 -4.684926e-01 5.199158e-03 0.000000e+00 1.109695e-02 9.999384e-01
64 6.493630e+08 6.493630e+08 6.493630e+08  0 1.000000 1.000000 0.000000 0.000000 -5.419519e-01 -8.242536e-01 1.639940e-01 8.404095e-01 -5.315336e-01 1.057543e-01 0.000000e+00 1.951359e-01 9.807762e-01
65 2.336370e+08 2.336370e+08 2.336370e+08  0 1.000000 1.000000 0.000000 0.000000 8.277193e-01 -5.584039e-01 5.536985e-02 5.611424e-01 8.236799e-01 -8.167390e-02 0.000000e+00 9.867343e-02 9.951199e-01
66 7.749602e+08 7.749602e+08 7.749602e+08  0 1.000000 1.000000 0.000000 0.000000 5.513006e-01 -7.711926e-01 3.183232e-01 8.343067e-01 5.095955e-01 -2.103444e-01 0.000000e+00 3.815422e-01 9.243514e-01
67 2.337246e+08 2.337246e+08 2.337246e+08  0 1.000000 1.000000 0.000000 0.000000 8.124654e-01 -5.819559e-01 -3.503234e-02 5.830094e-01 8.109973e-01 4.882008e-02 0.000000e+00 -6.008881e-02 9.981930e-01
68 7.652349e+08 7.652349e+08 7.652349e+08  0 1.000000 1.000000 0.000000 0.000000 5.564041e-01 -7.612748e-01 -3.329791e-01 8.309118e-01 5.097730e-01 2.229731e-01 0.000000e+00 -4.007394e-01 9.161921e-01
69 2.759882e+08 2.759882e+08 2.759882e+08  0 1.000000 1.000000 0.000000 0.000000 7.935930e-01 -6.020014e-01 -8.834255e-02 6.084489e-01 7.851836e-01 1.152242e-01 0.000000e+00 -1.451930e-01 9.894033e-01
70 1.007261e+09 1.007261e+09 1.007261e+09  0 1.000000 1.000000 0.000000 0.000000 5.255374e-01 -8.422241e-01 -1.202873e-01 8.507705e-01 5.202581e-01 7.430377e-02 0.000000e+00 -1.413863e-01 9.899545e-01
71 2.735067e+08 2.735067e+08 2.735067e+08  0 1.000000 1.000000 0.000000 0.000000 7.864155e-01 -6.089876e-01 1.033673e-01 6.176979e-01 7.753260e-01 -1.316010e-01 0.000000e+00 1.673428e-01 9.858988e-01
72 9.936557e+08 9.936557e+08 9.936557e+08  0 1.000000 1.000000 0.000000 0.000000 5.156249e-01 -8.442584e-01 1.461462e-01 8.568144e-01 5.080688e-01 -8.794974e-02 0.000000e+00 1.705692e-01 9.853457e-01
73 2.756811e+08 2.756811e+08 2.756811e+08  0 1.000000 1.000000 0.000000 0.000000 7.877139e-01 -5.254870e-01 -3.215122e-01 6.160412e-01 6.719250e-01 4.111083e-01 0.000000e+00 -5.219005e-01 8.530064e-01
74 1.006991e+09 1.006991e+09 1.006991e+09  0 1.000000 1.000000 0.000000 0.000000 8.233063e-01 -5.073228e-01 -2.545394e-01 5.675973e-01 7.358775e-01 3.692122e-01 0.000000e+00 -4.484506e-01 8.938076e-01
75 2.714042e+08 2.714042e+08 2.714042e+08  0 1.000000 1.000000 0.000000 0.000000 7.892484e-01 -5.184199e-01 3.291319e-01 6.140741e-01 6.663073e-01 -4.230220e-01 0.000000e+00 5.359808e-01 8.442302e-01
76 9.890387e+08 9.890387e+08 9.890387e+08  0 1.000000 1.000000 0.000000 0.000000 8.202479e-01 -5.134745e-01 2.520661e-01 5.720082e-01 7.363118e-01 -3.614576e-01 0.000000e+00 4.406687e-01 8.976698e-01
77 2.865014e+08 2.865014e+08 2.865014e+08  0 1.000000 1.000000 0.000000 0.000000 7.734578e-01 -6.326548e-01 -3.887093e-02 6.338478e-01 7.720021e-01 4.743256e-02 0.000000e+00 -6.132533e-02 9.981178e-01
78 1.044829e+09 1.044829e+09 1.044829e+09  0 1.000000 1.000000 0.000000 0.000000 5.635255e-01 -7.772584e-01 -2.798366e-01 8.260987e-01 5.302089e-01 1.908913e-01 0.000000e+00 -3.387447e-01 9.408783e-01
79 2.119143e+08 2.119143e+08 2.119143e+08  0 1.000000 1.000000 0.000000 0.000000 8.687968e-01 -4.709725e-01 -1.528955e-01 4.951688e-01 8.263433e-01 2.682624e-01 0.000000e+00 -3.087746e-01 9.511353e-01
80 8.397510e+08 8.397510e+08 8.397510e+08  0 1.000000 1.000000 0.000000 0.000000 5.889584e-01 -6.695682e-01 -4.525554e-01 8.081633e-01 4.879556e-01 3.298050e-01 0.000000e+00 -5.599801e-01 8.285061e-01
81 2.219705e+08 2.219705e+08 2.219705e+08  0 1.000000 1.000000 0.000000 0.000000 8.321485e-01 -5.403542e-01 1.246845e-01 5.545528e-01 8.108423e-01 -1.870985e-01 0.000000e+00 2.248379e-01 9.743962e-01
82 8.871242e+08 8.871242e+08 8.871242e+08  0 1.000000 1.000000 0.000000 0.000000 5.887714e-01 -6.731515e-01 4.474542e-01 8.082996e-01 4.903286e-01 -3.259289e-01 0.000000e+00 5.535747e-01 8.327995e-01
83 2.959994e+08 2.959994e+08 2.959994e+08  0 1.000000 1.000000 0.000000 0.000000 6.924017e-01 -7.183158e-01 6.784039e-02 7.215122e-01 6.893342e-01 -6.510327e-02 0.000000e+00 9.402529e-02 9.955698e-01
84 1.064948e+09 1.064948e+09 1.064948e+09  0 1.000000 1.000000 0.000000 0.000000 5.404723e-01 -7.880696e-01 2.946794e-01 8.413618e-01 5.062386e-01 -1.892956e-01 0.000000e+00 3.502410e-01 9.366596e-01
85 2.698394e+08 2.698394e+08 2.698394e+08  0 1.000000 1.000000 0.000000 0.000000 -8.482018e-01 -5.217968e-01 9.100461e-02 5.296732e-01 -8.355887e-01 1.457319e-01 0.000000e+00 1.718127e-01 9.851296e-01
86 9.778055e+08 9.778055e+08 9.778055e+08  0 1.000000 1.000000 0.000000 0.000000 -8.891947e-01 -4.553748e-01 4.434698e-02 4.575291e-01 -8.850079e-01 8.618708e-02 0.000000e+00 9.692713e-02 9.952915e-01
87 2.692566e+08 2.692566e+08 2.692566e+08  0 1.000000 1.000000 0.000000 0.000000 -8.487282e-01 -5.285163e-01 -1.819316e-02 5.288294e-01 -8.482258e-01 -2.919855e-02 0.000000e+00 -3.440271e-02 9.994081e-01
88 9.752138e+08 9.752138e+08 9.752138e+08  0 1.000000 1.000000 0.000000 0.000000 -9.110537e-01 -4.094759e-01 4.806967e-02 4.122878e-01 -9.048401e-01 1.062220e-01 0.000000e+00 1.165925e-01 9.931798e-01
89 7.417255e+07 7.417255e+07 7.417255e+07  0 1.000000 1.000000 0.000000 0.000000 -1.378836e-01 -9.860247e-01 9.350583e-02 9.904484e-01 -1.372677e-01 1.301725e-02 0.000000e+00 9.440757e-02 9.955336e-01
90 2.416884e+08 2.416884e+08 2.416884e+08  0 1.000000 1.000000 0.000000 0.000000 -3.564960e-02 -9.991045e-01 -2.279023e-02 9.993644e-01 -3.564033e-02 -8.129793e-04 0.000000e+00 -2.280472e-02 9.997399e-01
91 2.590525e+08 2.590525e+08 2.590525e+08  0 1.000000 1.000000 0.000000 0.000000 9.294304e-01 -3.569997e-01 9.332928e-02 3.689975e-01 8.992104e-01 -2.350777e-01 0.000000e+00 2.529266e-01 9.674855e-01
92 8.622434e+08 8.622434e+08 8.622434e+08  0 1.000000 1.000000 0.000000 0.000000 8.904370e-01 -4.144562e-01 1.880107e-01 4.551065e-01 8.109027e-01 -3.678517e-01 0.000000e+00 4.131137e-01 9.106795e-01
93 1.033098e+08 1.033098e+08 1.033098e+08  0 1.000000 1.000000 0.000000 0.000000 3.626138e-01 -9.309015e-01 4.397286e-02 9.319395e-01 3.622099e-01 -1.710966e-02 0.000000e+00 4.718424e-02 9.988862e-01
94 3.257566e+08 3.257566e+08 3.257566e+08  0 1.000000 1.000000 0.000000 0.000000 1.625214e-01 -9.866564e-01 9.794306e-03 9.867050e-01 1.625134e-01 -1.613232e-03 0.000000e+00 9.926276e-03 9.999507e-01
95 2.678776e+08 2.678776e+08 2.678776e+08  0 1.000000 1.000000 0.000000 0.000000 9.880721e-01 1.260282e-01 -8.848943e-02 1.539918e-01 -8.086463e-01 5.677831e-01 0.000000e+00 -5.746373e-01 -8.184082e-01
96 8.820178e+08 8.820178e+08 8.820178e+08  0 1.000000 1.000000 0.000000 0.000000 5.172968e-01 -8.277117e-01 -2.174795e-01 8.558060e-01 5.003151e-01 1.314567e-01 0.000000e+00 -2.541224e-01 9.671721e-01
97 2.178883e+08 2.178883e+08 2.178883e+08  0 1.000000 1.000000 0.000000 0.000000 -8.349529e-01 -5.402781e-01 -1.046575e-01 5.503214e-01 -8.197152e-01 -1.587874e-01 0.000000e+00 -1.901752e-01 9.817502e-01
98 7.391395e+08 7.391395e+08 7.391395e+08  0 1.000000 1.000000 0.000000 0.000000 -8.456410e-01 -4.986462e-01 -1.903767e-01 5.337521e-01 -7.900215e-01 -3.016201e-01 0.000000e+00 -3.566763e-01 9.342280e-01
99 2.274092e+08 2.274092e+08 2.274092e+08  0 1.000000 1.000000 0.000000 0.000000 -8.735666e-01 -4.691461e-01 1.295506e-01 4.867046e-01 -8.420515e-01 2.325251e-01 0.000000e+00 2.661791e-01 9.639236e-01
100 8.077684e+08 8.077684e+08 8.077684e+08  0 1.000000 1.000000 0.000000 0.000000 -8.089493e-01 -5.208082e-01 2.726900e-01 5.878784e-01 -7.166575e-01 3.752347e-01 0.000000e+00 4.638544e-01 8.859115e-01
101 2.140679e+08 2.140679e+08 2.140679e+08  0 1.000000 1.000000 0.000000 0.000000 -1.059606e-01 9.791222e-01 -1.734707e-01 9.943703e-01 1.043357e-01 -1.848512e-02 0.000000e+00 -1.744528e-01 -9.846655e-01
102 7.085161e+08 7.085161e+08 7.085161e+08  0 1.000000 1.000000 0.000000 0.000000 -2.143608e-01 9.729590e-01 -8.602435e-02 9.767545e-01 2.135278e-01 -1.887910e-02 0.000000e+00 -8.807161e-02 -9.961141e-01
103 2.196023e+08 2.196023e+08 2.196023e+08  0 1.000000 1.000000 0.000000 0.000000 -4.962288e-02 9.796876e-01 1.942930e-01 9.987680e-01 4.867489e-02 9.653273e-03 0.000000e+00 1.945327e-01 -9.808960e-01
104 7.388496e+08 7.388496e+08 7.388496e+08  0 1.000000 1.000000 0.000000 0.000000 -2.227526e-01 9.462924e-01 2.343330e-01 9.748750e-01 2.162216e-01 5.354355e-02 0.000000e+00 2.403723e-01 -9.706808e-01
105 2.451752e+08 2.451752e+08 2.451752e+08  0 1.000000 1.000000 0.000000 0.000000 -2.579705e-01 9.554854e-01 1.431744e-01 9.661528e-01 2.551222e-01 3.822870e-02 0.000000e+00 1.481902e-01 -9.889589e-01
106 7.965004e+08 7.965004e+08 7.965004e+08  0 1.000000 1.000000 0.000000 0.000000 -4.187664e-01 8.896602e-01 1.820426e-01 9.080940e-01 4.102656e-01 8.394871e-02 0.000000e+00 2.004667e-01 -9.797005e-01
107 2.482455e+08 2.482455e+08 2.482455e+08  0 1.000000 1.000000 0.000000 0.000000 -2.179360e-01 9.738866e-01 6.363065e-02 9.759631e-01 2.174723e-01 1.420895e-02 0.000000e+00 6.519781e-02 -9.978724e-01
108 8.558467e+08 8.558467e+08 8.558467e+08  0 1.000000 1.000000 0.000000 0.000000 -4.180361e-01 9.056819e-01 7.061247e-02 9.084304e-01 4.167713e-01 3.249403e-02 0.000000e+00 7.773019e-02 -9.969744e-01
109 2.129111e+08 2.129111e+08 2.129111e+08  0 1.000000 1.000000 0.000000 0.000000 2.568075e-01 9.385497e-01 -2.305958e-01 9.664626e-01 -2.493905e-01 6.127369e-02 0.000000e+00 -2.385977e-01 -9.711185e-01
110 7.102823e+08 7.102823e+08 7.102823e+08  0 1.000000 1.000000 0.000000 0.000000 -1.900871e-02 9.821929e-01 -1.869109e-01 9.998193e-01 1.867359e-02 -3.553576e-03 0.000000e+00 -1.869447e-01 -9.823704e-01
111 2.236325e+08 2.236325e+08 2.236325e+08  0 1.000000 1.000000 0.000000 0.000000 3.034908e-01 9.042545e-01 3.003617e-01 9.528344e-01 -2.880174e-01 -9.566933e-02 0.000000e+00 3.152298e-01 -9.490154e-01
112 7.820744e+08 7.820744e+08 7.820744e+08  0 1.000000 1.000000 0.000000 0.000000 -5.144809e-02 9.721980e-01 2.284384e-01 9.986757e-01 5.008406e-02 1.176830e-02 0.000000e+00 2.287413e-01 -9.734873e-01
113 2.460911e+08 2.460911e+08 2.460911e+08  0 1.000000 1.000000 0.000000 0.000000 -7.576372e-01 -6.366401e-01 1.437890e-01 6.526759e-01 -7.390225e-01 1.669127e-01 0.000000e+00 2.203069e-01 9.754306e-01
114 9.403165e+08 9.403165e+08 9.403165e+08  0 1.000000 1.000000 0.000000 0.000000 -7.165996e-01 -6.247355e-01 3.101460e-01 6.974847e-01 -6.418567e-01 3.186457e-01 0.000000e+00 4.446635e-01 8.956977e-01
115 2.100982e+08 2.100982e+08 2.100982e+08  0 1.000000 1.000000 0.000000 0.000000 -8.639437e-01 -5.027318e-01 -2.935887e-02 5.035884e-01 -8.624743e-01 -5.036734e-02 0.000000e+00 -5.829933e-02 9.982991e-01
116 8.251143e+08 8.251143e+08 8.251143e+08  0 1.000000 1.000000 0.000000 0.000000 -8.246518e-01 -5.283203e-01 2.020568e-01 5.656406e-01 -7.702423e-01 2.945802e-01 0.000000e+00 3.572177e-01 9.340212e-01
117 1.721491e+08 1.721491e+08 1.721491e+08  0 1.000000 1.000000 0.000000 0.000000 -8.407656e-01 -5.405319e-01 3.063321e-02 5.413992e-01 -8.394187e-01 4.757183e-02 0.000000e+00 5.658156e-02 9.983980e-01
118 6.372036e+08 6.372036e+08 6.372036e+08  0 1.000000 1.000000 0.000000 0.000000 -8.395487e-01 -4.684262e-01 -2.751998e-01 5.432845e-01 -7.238686e-01 -4.252718e-01 0.000000e+00 -5.065482e-01 8.622117e-01
119 2.239716e+08 2.239716e+08 2.239716e+08  0 1.000000 1.000000 0.000000 0.000000 -7.414862e-01 -6.522788e-01 -1.572592e-01 6.709681e-01 -7.208328e-01 -1.737870e-01 0.000000e+00 -2.343766e-01 9.721459e-01
120 8.547355e+08 8.547355e+08 8.547355e+08  0 1.000000 1.000000 0.000000 0.000000 -7.447912e-01 -6.299217e-01 -2.201926e-01 6.672976e-01 -7.030748e-01 -2.457637e-01 0.000000e+00 -3.299766e-01 9.439891e-01
121 2.038327e+08 2.038327e+08 2.038327e+08  0 1.000000 1.000000 0.000000 0.000000 -5.334389e-01 8.390205e-01 1.071795e-01 8.458386e-01 5.291390e-01 6.759415e-02 0.000000e+00 1.267139e-01 -9.919393e-01
122 6.828012e+08 6.828012e+08 6.828012e+08  0 1.000000 1.000000 0.000000 0.000000 -6.724504e-01 7.330614e-01 1.021344e-01 7.401422e-01 6.660172e-01 9.279343e-02 0.000000e+00 1.379930e-01 -9.904332e-01
123 2.794484e+08 2.794484e+08 2.794484e+08  0 1.000000 1.000000 0.000000 0.000000 -2.814058e-01 9.410899e-01 1.875115e-01 9.595888e-01 2.759809e-01 5.498901e-02 0.000000e+00 1.954082e-01 -9.807220e-01
124 9.737757e+08 9.737757e+08 9.737757e+08  0 1.000000 1.000000 0.000000 0.000000 -4.894333e-01 8.512714e-01 1.891879e-01 8.720407e-01 4.777765e-01 1.061818e-01 0.000000e+00 2.169484e-01 -9.761831e-01
125 2.776093e+08 2.776093e+08 2.776093e+08  0 1.000000 1.000000 0.000000 0.000000 -2.979882e-01 9.446578e-01 -1.372031e-01 9.545695e-01 2.948941e-01 -4.283073e-02 0.000000e+00 -1.437330e-01 -9.896165e-01
126 9.719262e+08 9.719262e+08 9.719262e+08  0 1.000000 1.000000 0.000000 0.000000 -4.846696e-01 8.659831e-01 -1.231609e-01 8.746973e-01 4.798411e-01 -6.824346e-02 0.000000e+00 -1.408041e-01 -9.900375e-01
127 2.051124e+08 2.051124e+08 2.051124e+08  0 1.000000 1.000000 0.000000 0.000000 -5.229419e-01 8.522789e-01 1.234436e-02 8.523683e-01 5.228871e-01 7.573465e-03 0.000000e+00 1.448242e-02 -9.998951e-01
128 6.785029e+08 6.785029e+08 6.785029e+08  0 1.000000 1.000000 0.000000 0.000000 -6.380710e-01 7.699504e-01 6.471344e-03 7.699776e-01 6.380484e-01 5.362723e-03 0.000000e+00 8.404588e-03 -9.999647e-01
129 2.303943e+08 2.303943e+08 2.303943e+08  0 1.000000 1.000000 0.000000 0.000000 -9.186663e-01 -3.948834e-01 1.092271e-02 3.950344e-01 -9.183151e-01 2.540115e-02 0.000000e+00 2.765003e-02 9.996177e-01
130 8.324169e+08 8.324169e+08 8.324169e+08  0 1.000000 1.000000 0.000000 0.000000 -9.788150e-01 -1.960423e-01 -5.906509e-02 2.047468e-01 -9.372019e-01 -2.823672e-01 0.000000e+00 -2.884786e-01 9.574863e-01
131 2.221744e+08 2.221744e+08 2.221744e+08  0 1.000000 1.000000 0.000000 0.000000 -9.331458e-01 -3.578003e-01 -3.489905e-02 3.594983e-01 -9.287384e-01 -9.058708e-02 0.000000e+00 -9.707710e-02 9.952769e-01
132 7.969700e+08 7.969700e+08 7.969700e+08  0 1.000000 1.000000 0.000000 0.000000 -9.665463e-01 -2.559264e-01 -1.702562e-02 2.564921e-01 -9.644146e-01 -6.415812e-02 0.000000e+00 -6.637874e-02 9.977945e-01
133 2.681087e+08 2.681087e+08 2.681087e+08  0 1.000000 1.000000 0.000000 0.000000 -7.485011e-01 -6.439490e-01 -1.583532e-01 6.631335e-01 -7.268469e-01 -1.787385e-01 0.000000e+00 -2.387953e-01 9.710699e-01
134 9.039468e+08 9.039468e+08 9.039468e+08  0 1.000000 1.000000 0.000000 0.000000 -7.561472e-01 -6.543715e-01 6.274728e-03 6.544016e-01 -7.561124e-01 7.250314e-03 0.000000e+00 9.588496e-03 9.999540e-01
135 2.785338e+08 2.785338e+08 2.785338e+08  0 1.000000 1.000000 0.000000 0.000000 -7.599316e-01 -6.472112e-01 -6.018046e-02 6.500031e-01 -7.566675e-01 -7.035818e-02 0.000000e+00 -9.258488e-02 9.957048e-01
136 9.769853e+08 9.769853e+08 9.769853e+08  0 1.000000 1.000000 0.000000 0.000000 -7.216211e-01 -6.880774e-01 -7.623956e-02 6.922882e-01 -7.172319e-01 -7.946990e-02 0.000000e+00 -1.101269e-01 9.939175e-01
137 2.607736e+08 2.607736e+08 2.607736e+08  0 1.000000 1.000000 0.000000 0.000000 -8.208531e-01 -5.700274e-01 -3.562268e-02 5.711394e-01 -8.192549e-01 -5.119763e-02 0.000000e+00 -6.237125e-02 9.980530e-01
138 9.067009e+08 9.067009e+08 9.067009e+08  0 1.000000 1.000000 0.000000 0.000000 -8.151472e-01 -5.750916e-01 6.931544e-02 5.792538e-01 -8.092900e-01 9.754324e-02 0.000000e+00 1.196633e-01 9.928145e-01
139 2.837280e+08 2.837280e+08 2.837280e+08  0 1.000000 1.000000 0.000000 0.000000 -7.647587e-01 -6.317522e-01 1.266229e-01 6.443168e-01 -7.498453e-01 1.502924e-01 0.000000e+00 1.965227e-01 9.804993e-01
140 1.001868e+09 1.001868e+09 1.001868e+09  0 1.000000 1.000000 0.000000 0.000000 -6.990412e-01 -7.074706e-01 1.040515e-01 7.150814e-01 -6.916012e-01 1.017175e-01 0.000000e+00 1.455100e-01 9.893568e-01
141 2.653411e+08 2.653411e+08 2.653411e+08  0 1.000000 1.000000 0.000000 0.000000 -8.268564e-01 -5.622043e-01 1.532142e-02 5.624130e-01 -8.265496e-01 2.252546e-02 0.000000e+00 2.724229e-02 9.996289e-01
142 9.286368e+08 9.286368e+08 9.286368e+08  0 1.000000 1.000000 0.000000 0.000000 -7.699254e-01 -6.349771e-01 -6.339545e-02 6.381339e-01 -7.661166e-01 -7.648828e-02 0.000000e+00 -9.934505e-02 9.950530e-01
143 2.775511e+08 2.775511e+08 2.775511e+08  0 1.000000 1.000000 0.000000 0.000000 -7.909602e-01 -6.098183e-01 5.003528e-02 6.118676e-01 -7.883112e-01 6.468053e-02 0.000000e+00 8.177469e-02 9.966508e-01
144 9.468186e+08 9.468186e+08 9.468186e+08  0 1.000000 1.000000 0.000000 0.000000 -7.431668e-01 -6.691061e-01 3.900450e-04 6.691062e-01 -7.431666e-01 4.332175e-04 0.000000e+00 5.829344e-04 9.999998e-01
145 2.471978e+08 2.471978e+08 2.471978e+08  0 1.000000 1.000000 0.000000 0.000000 9.968792e-01 -1.171264e-02 7.806844e-02 7.894217e-02 1.479068e-01 -9.858457e-01 0.000000e+00 9.889319e-01 1.483699e-01
146 9.223967e+08 9.223967e+08 9.223967e+08  0 1.000000 1.000000 0.000000 0.000000 9.496347e-01 -2.509917e-01 1.876090e-01 3.133592e-01 7.606301e-01 -5.685489e-01 0.000000e+00 5.987027e-01 8.009713e-01
147 2.400275e+08 2.400275e+08 2.400275e+08  0 1.000000 1.000000 0.000000 0.000000 9.954701e-01 2.180170e-02 -9.254151e-02 9.507495e-02 -2.282719e-01 9.689441e-01 0.000000e+00 -9.733533e-01 -2.293107e-01
148 9.369040e+08 9.369040e+08 9.369040e+08  0 1.000000 1.000000 0.000000 0.000000 9.979267e-01 -6.334031e-02 -1.141488e-02 6.436065e-02 9.821060e-01 1.769903e-01 0.000000e+00 -1.773580e-01 9.841464e-01
149 1.142318e+08 1.142318e+08 1.142318e+08  0 1.000000 1.000000 0.000000 0.000000 9.888767e-01 1.210277e-01 8.645858e-02 1.487373e-01 -8.046499e-01 -5.748180e-01 0.000000e+00 5.812837e-01 -8.137009e-01
150 4.369755e+08 4.369755e+08 4.369755e+08  0 1.000000 1.000000 0.000000 0.000000 9.341723e-01 1.059727e-02 3.566648e-01 3.568222e-01 -2.774400e-02 -9.337602e-01 0.000000e+00 9.995589e-01 -2.969902e-02
151 2.041589e+08 2.041589e+08 2.041589e+08  0 1.000000 1.000000 0.000000 0.000000 9.897946e-01 1.236985e-01 -7.074836e-02 1.425014e-01 -8.591923e-01 4.914081e-01 0.000000e+00 -4.964748e-01 -8.680511e-01
152 8.429484e+08 8.429484e+08 8.429484e+08  0 1.000000 1.000000 0.000000 0.000000 9.229324e-01 5.246127e-02 -3.813708e-01 3.849621e-01 -1.257739e-01 9.143222e-01 0.000000e+00 -9.906708e-01 -1.362764e-01
153 2.499225e+08 2.499225e+08 2.499225e+08  0 1.000000 1.000000 0.000000 0.000000 9.949794e-01 -1.488790e-02 -9.896636e-02 1.000799e-01 1.480133e-01 9.839086e-01 0.000000e+00 -9.888733e-01 1.487601e-01
154 9.369882e+08 9.369882e+08 9.369882e+08  0 1.000000 1.000000 0.000000 0.000000 9.501983e-01 -2.459445e-01 -1.914014e-01 3.116459e-01 7.498768e-01 5.835766e-01 0.000000e+00 -6.141630e-01 7.891792e-01
155 2.438768e+08 2.438768e+08 2.438768e+08  0 1.000000 1.000000 0.000000 0.000000 9.994871e-01 3.202318e-02 2.408123e-04 3.202409e-02 -9.994588e-01 -7.515867e-03 0.000000e+00 7.519724e-03 -9.999717e-01
156 9.531028e+08 9.531028e+08 9.531028e+08  0 1.000000 1.000000 0.000000 0.000000 9.982698e-01 -5.522248e-02 -2.019771e-02 5.880025e-02 9.375288e-01 3.429027e-01 0.000000e+00 -3.434970e-01 9.391538e-01
157 2.146113e+08 2.146113e+08 2.146113e+08  0 1.000000 1.000000 0.000000 0.000000 -9.433386e-01 -3.312512e-01 1.961694e-02 3.318316e-01 -9.416888e-01 5.576749e-02 0.000000e+00 5.911715e-02 9.982511e-01
158 7.551411e+08 7.551411e+08 7.551411e+08  0 1.000000 1.000000 0.000000 0.000000 -9.903214e-01 -1.382792e-01 -1.193014e-02 1.387929e-01 -9.866561e-01 -8.512453e-02 0.000000e+00 -8.595646e-02 9.962989e-01
159 2.246455e+08 2.246455e+08 2.246455e+08  0 1.000000 1.000000 0.000000 0.000000 -9.526953e-01 -2.903104e-01 8.995300e-02 3.039271e-01 -9.100122e-01 2.819683e-01 0.000000e+00 2.959690e-01 9.551975e-01
160 7.949087e+08 7.949087e+08 7.949087e+08  0 1.000000 1.000000 0.000000 0.000000 -9.906723e-01 -1.351843e-01 1.713256e-02 1.362656e-01 -9.828110e-01 1.245564e-01 0.000000e+00 1.257292e-01 9.920646e-01
161 1.803273e+08 1.803273e+08 1.803273e+08  0 1.000000 1.000000 0.000000 0.000000 9.573901e-01 2.887765e-01 -3.499853e-03 2.887977e-01 -9.573198e-01 1.160232e-02 0.000000e+00 -1.211870e-02 -9.999266e-01
162 5.945105e+08 5.945105e+08 5.945105e+08  0 1.000000 1.000000 0.000000 0.000000 9.095488e-01 4.155210e-01 -7.954319e-03 4.155972e-01 -9.093822e-01 1.740830e-02 0.000000e+00 -1.913949e-02 -9.998168e-01
163 1.467770e+08 1.467770e+08 1.467770e+08  0 1.000000 1.000000 0.000000 0.000000 9.580122e-01 2.863400e-01 1.489785e-02 2.867273e-01 -9.567182e-01 -4.977663e-02 0.000000e+00 5.195825e-02 -9.986493e-01
164 4.710801e+08 4.710801e+08 4.710801e+08  0 1.000000 1.000000 0.000000 0.000000 9.644842e-01 2.637690e-01 1.400208e-02 2.641404e-01 -9.631282e-01 -5.112728e-02 0.000000e+00 5.300997e-02 -9.985940e-01
165 1.960322e+08 1.960322e+08 1.960322e+08  0 1.000000 1.000000 0.000000 0.000000 -6.974014e-01 7.142762e-01 -5.865930e-02 7.166808e-01 6.950614e-01 -5.708131e-02 0.000000e+00 -8.184858e-02 -9.966448e-01
166 6.694939e+08 6.694939e+08 6.694939e+08  0 1.000000 1.000000 0.000000 0.000000 -7.446332e-01 6.491990e-01 -1.551193e-01 6.674739e-01 7.242458e-01 -1.730510e-01 0.000000e+00 -2.323976e-01 -9.726209e-01
167 1.950577e+08 1.950577e+08 1.950577e+08  0 1.000000 1.000000 0.000000 0.000000 -7.040467e-01 6.948021e-01 1.468617e-01 7.101537e-01 6.888270e-01 1.455987e-01 0.000000e+00 2.068027e-01 -9.783827e-01
168 6.679990e+08 6.679990e+08 6.679990e+08  0 1.000000 1.000000 0.000000 0.000000 -7.196802e-01 6.735907e-01 1.683333e-01 6.943057e-01 6.982080e-01 1.744852e-01 0.000000e+00 2.424483e-01 -9.701643e-01
169 2.951555e+08 2.951555e+08 2.951555e+08  0 1.000000 1.000000 0.000000 0.000000 7.540788e-01 6.566532e-01 -1.310231e-02 6.567839e-01 -7.539288e-01 1.504327e-02 0.000000e+00 -1.994919e-02 -9.998010e-01
170 1.014563e+09 1.014563e+09 1.014563e+09  0 1.000000 1.000000 0.000000 0.000000 6.804526e-01 7.318408e-01 3.732740e-02 7.327921e-01 -6.795693e-01 -3.466130e-02 0.000000e+00 5.093859e-02 -9.987018e-01
171 2.965307e+08 2.965307e+08 2.965307e+08  0 1.000000 1.000000 0.000000 0.000000 7.769211e-01 6.264302e-01 -6.307810e-02 6.295980e-01 -7.730120e-01 7.783809e-02 0.000000e+00 -1.001879e-01 -9.949685e-01
172 1.013467e+09 1.013467e+09 1.013467e+09  0 1.000000 1.000000 0.000000 0.000000 6.106993e-01 7.841446e-01 -1.102889e-01 7.918626e-01 -6.047471e-01 8.505689e-02 0.000000e+00 -1.392778e-01 -9.902533e-01
173 2.604052e+08 2.604052e+08 2.604052e+08  0 1.000000 1.000000 0.000000 0.000000 4.105714e-01 9.087550e-01 -7.480324e-02 9.118284e-01 -4.091875e-01 3.368185e-02 0.000000e+00 -8.203653e-02 -9.966293e-01
174 9.074062e+08 9.074062e+08 9.074062e+08  0 1.000000 1.000000 0.000000 0.000000 2.090624e-01 9.624897e-01 -1.729348e-01 9.779023e-01 -2.057674e-01 3.697114e-02 0.000000e+00 -1.768426e-01 -9.842391e-01
175 1.875943e+08 1.875943e+08 1.875943e+08  0 1.000000 1.000000 0.000000 0.000000 5.338811e-01 8.369319e-01 1.204819e-01 8.455595e-01 -5.284337e-01 -7.607155e-02 0.000000e+00 1.424878e-01 -9.897966e-01
176 6.053711e+08 6.053711e+08 6.053711e+08  0 1.000000 1.000000 0.000000 0.000000 2.981391e-01 9.366775e-01 1.837074e-01 9.545224e-01 -2.925653e-01 -5.737987e-02 0.000000e+00 1.924601e-01 -9.813048e-01
177 2.823470e+08 2.823470e+08 2.823470e+08  0 1.000000 1.000000 0.000000 0.000000 3.874533e-01 8.999190e-01 2.000643e-01 9.218893e-01 -3.782196e-01 -8.408337e-02 0.000000e+00 2.170155e-01 -9.761682e-01
178 1.026351e+09 1.026351e+09 1.026351e+09  0 1.000000 1.000000 0.000000 0.000000 7.002217e-02 9.609128e-01 2.678498e-01 9.975454e-01 -6.745076e-02 -1.880158e-02 0.000000e+00 2.685089e-01 -9.632772e-01
179 2.780692e+08 2.780692e+08 2.780692e+08  0 1.000000 1.000000 0.000000 0.000000 4.540032e-01 8.907906e-01 -1.931812e-02 8.910000e-01 -4.538965e-01 9.843420e-03 0.000000e+00 -2.168139e-02 -9.997649e-01
180 1.010939e+09 1.010939e+09 1.010939e+09  0 1.000000 1.000000 0.000000 0.000000 1.367707e-01 9.888356e-01 -5.914291e-02 9.906027e-01 -1.365268e-01 8.165756e-03 0.000000e+00 -5.970397e-02 -9.982161e-01
181 2.864697e+08 2.864697e+08 2.864697e+08  0 1.000000 1.000000 0.000000 0.000000 6.914288e-01 6.944231e-01 1.992556e-01 7.224446e-01 -6.646102e-01 -1.907012e-01 0.000000e+00 2.758075e-01 -9.612129e-01
182 1.039539e+09 1.039539e+09 1.039539e+09  0 1.000000 1.000000 0.000000 0.000000 5.901413e-01 7.527308e-01 2.917698e-01 8.073000e-01 -5.502509e-01 -2.132855e-01 0.000000e+00 3.614143e-01 -9.324053e-01
183 2.679326e+08 2.679326e+08 2.679326e+08  0 1.000000 1.000000 0.000000 0.000000 6.778854e-01 7.173082e-01 -1.610600e-01 7.351676e-01 -6.614175e-01 1.485107e-01 0.000000e+00 -2.190794e-01 -9.757070e-01
184 9.748321e+08 9.748321e+08 9.748321e+08  0 1.000000 1.000000 0.000000 0.000000 4.478188e-01 8.859239e-01 -1.208183e-01 8.941243e-01 -4.437117e-01 6.051142e-02 0.000000e+00 -1.351248e-01 -9.908286e-01
185 1.037984e+08 1.037984e+08 1.037984e+08  0 1.000000 1.000000 0.000000 0.000000 7.110391e-01 6.995861e-01 7.073008e-02 7.031525e-01 -7.074327e-01 -7.152339e-02 0.000000e+00 1.005900e-01 -9.949280e-01
186 3.323668e+08 3.323668e+08 3.323668e+08  0 1.000000 1.000000 0.000000 0.000000 5.538267e-01 8.310166e-01 -5.184115e-02 8.326320e-01 -5.527521e-01 3.448224e-02 0.000000e+00 -6.226179e-02 -9.980599e-01
187 3.093079e+08 3.093079e+08 3.093079e+08  0 1.000000 1.000000 0.000000 0.000000 3.657148e-01 9.305044e-01 -2.035329e-02 9.307270e-01 -3.656273e-01 7.997511e-03 0.000000e+00 -2.186816e-02 -9.997609e-01
188 1.067970e+09 1.067970e+09 1.067970e+09  0 1.000000 1.000000 0.000000 0.000000 2.498511e-01 9.669071e-01 -5.162542e-02 9.682843e-01 -2.494957e-01 1.332116e-02 0.000000e+00 -5.331639e-02 -9.985777e-01
189 2.886138e+08 2.886138e+08 2.886138e+08  0 1.000000 1.000000 0.000000 0.000000 1.614170e-01 9.846490e-01 6.641489e-02 9.868863e-01 -1.610510e-01 -1.086294e-02 0.000000e+00 6.729741e-02 -9.977330e-01
190 1.037833e+09 1.037833e+09 1.037833e+09  0 1.000000 1.000000 0.000000 0.000000 8.702780e-02 9.961597e-01 9.587554e-03 9.962059e-01 -8.702377e-02 -8.375615e-04 0.000000e+00 9.624069e-03 -9.999537e-01
191 1.069599e+08 1.069599e+08 1.069599e+08  0 1.000000 1.000000 0.000000 0.000000 7.271824e-01 6.847784e-01 -4.779538e-02 6.864443e-01 -7.254176e-01 5.063186e-02 0.000000e+00 -6.962746e-02 -9.975731e-01
192 3.397546e+08 3.397546e+08 3.397546e+08  0 1.000000 1.000000 0.000000 0.000000 5.489501e-01 8.337336e-01 5.951560e-02 8.358551e-01 -5.475567e-01 -3.908703e-02 0.000000e+00 7.120325e-02 -9.974618e-01
193 3.179222e+08 3.179222e+08 3.179222e+08  0 1.000000 1.000000 0.000000 0.000000 3.753060e-01 9.199719e-01 1.131240e-01 9.269010e-01 -3.725004e-01 -4.580438e-02 0.000000e+00 1.220454e-01 -9.925245e-01
194 1.099445e+09 1.099445e+09 1.099445e+09  0 1.000000 1.000000 0.000000 0.000000 3.282468e-01 9.365054e-01 1.233354e-01 9.445920e-01 -3.254367e-01 -4.285917e-02 0.000000e+00 1.305700e-01 -9.914391e-01
195 2.984338e+08 2.984338e+08 2.984338e+08  0 1.000000 1.000000 0.000000 0.000000 1.892588e-02 9.932095e-01 1.147901e-01 9.998209e-01 -1.880073e-02 -2.172893e-03 0.000000e+00 1.148107e-01 -9.933874e-01
196 1.069228e+09 1.069228e+09 1.069228e+09  0 1.000000 1.000000 0.000000 0.000000 1.429981e-01 9.795379e-01 1.416229e-01 9.897230e-01 -1.415265e-01 -2.046209e-02 0.000000e+00 1.430935e-01 -9.897092e-01
197 1.735805e+08 1.735805e+08 1.735805e+08  0 1.000000 1.000000 0.000000 0.000000 3.867682e-02 9.988158e-01 2.951336e-02 9.992518e-01 -3.865994e-02 -1.142337e-03 0.000000e+00 2.953546e-02 -9.995637e-01
